2.793366648256778717e-02
1.053761574439704418e-03
6.045151385478675365e-04
4.510224389377981424e-04
3.634854510892182589e-04
3.006654442287981510e-04
2.609544608276337385e-04
2.319064224138855934e-04
2.121082507073879242e-04
1.983861293410882354e-04
1.880525378510355949e-04
1.795318676158785820e-04
1.725645706756040454e-04
1.672125217737630010e-04
1.626365847187116742e-04
1.587325677974149585e-04
1.552731846459209919e-04
1.522507081972435117e-04
1.496953773312270641e-04
1.474771997891366482e-04
1.452368887839838862e-04
1.435832382412627339e-04
1.418851752532646060e-04
1.407397649018093944e-04
1.390616380376741290e-04
1.380248140776529908e-04
1.366848737234249711e-04
1.355837594019249082e-04
1.349903322989121079e-04
1.339650189038366079e-04
1.332680112682282925e-04
1.324177719652652740e-04
1.313412940362468362e-04
1.311418018303811550e-04
1.310531661147251725e-04
1.291525550186634064e-04
1.285324251512065530e-04
1.292043743887916207e-04
1.276396360481157899e-04
1.272509689442813396e-04
1.267624465981498361e-04
1.261620636796578765e-04
1.258131669601425529e-04
1.254467788385227323e-04
1.250838540727272630e-04
1.248470507562160492e-04
1.244366867467761040e-04
1.244317390955984592e-04
1.234901865245774388e-04
1.232579816132783890e-04
1.228076871484518051e-04
1.224143779836595058e-04
1.221314450958743691e-04
1.222951977979391813e-04
1.214016810990869999e-04
1.218196048284880817e-04
1.208077592309564352e-04
1.206661472679115832e-04
1.210910049849189818e-04
1.207301611430011690e-04
1.207953537232242525e-04
1.203771971631795168e-04
1.199113030452281237e-04
1.199110338347963989e-04
1.193446223624050617e-04
1.200033002533018589e-04
1.199733160319738090e-04
1.192686613649129868e-04
1.186496010632254183e-04
1.189889226225204766e-04
1.182354099000804126e-04
1.186335939564742148e-04
1.187182788271456957e-04
1.180546241812407970e-04
1.178143647848628461e-04
1.172108677565120161e-04
1.169871902675367892e-04
1.168510425486601889e-04
1.167111113318242133e-04
1.164429340860806406e-04
1.165451030828990042e-04
1.161244217655621469e-04
1.162990010925568640e-04
1.155661520897410810e-04
1.154655401478521526e-04
1.154924975708127022e-04
1.151433170889504254e-04
1.149354502558708191e-04
1.149308882304467261e-04
1.142327600973658264e-04
1.138773877755738795e-04
1.142663750215433538e-04
1.140466119977645576e-04
1.135661732405424118e-04
1.131925891968421638e-04
1.134360572905279696e-04
1.132789184339344501e-04
1.129366064560599625e-04
1.130326418206095695e-04
1.130012897192500532e-04
1.128379590227268636e-04
1.125188646255992353e-04
1.129338052123785019e-04
1.127356663346290588e-04
1.128100775531493127e-04
1.128257354139350355e-04
1.130179516621865332e-04
1.130491727963089943e-04
1.133578480221331120e-04
1.131737590185366571e-04
1.129154115915298462e-04
1.136439605033956468e-04
1.132755205617286265e-04
1.133943223976530135e-04
1.129150259657762945e-04
1.125598573707975447e-04
1.126858915085904300e-04
1.128776639234274626e-04
1.125531853176653385e-04
1.120289161917753518e-04
1.120953456847928464e-04
1.123237016145139933e-04
1.119566732086241245e-04
1.118910731747746468e-04
1.114006954594515264e-04
1.111665042117238045e-04
1.117693027481436729e-04
1.119293810916133225e-04
1.113062025979161263e-04
1.114039332605898380e-04
1.111472010961733758e-04
1.112871323130093515e-04
1.108481083065271378e-04
1.110779776354320347e-04
1.112552781705744565e-04
1.106497729779221117e-04
1.106834752135910094e-04
1.108387878048233688e-04
1.104478142224252224e-04
1.105439441744238138e-04
1.105082701542414725e-04
1.103169270209036767e-04
1.103119284380227327e-04
1.102938622352667153e-04
1.102660389733500779e-04
1.102692694985307753e-04
1.098521388485096395e-04
1.098889406421221793e-04
1.101158850360661745e-04
1.101173329516313970e-04
1.100808949558995664e-04
1.103180475183762610e-04
1.101446105167269707e-04
1.098685897886753082e-04
1.095340921892784536e-04
1.103939139284193516e-04
1.092143138521350920e-04
1.095639381674118340e-04
1.093347309506498277e-04
1.087516429834067822e-04
1.089190700440667570e-04
1.109990771510638297e-04
1.095793195418082178e-04
1.089171928470022976e-04
1.088659118977375329e-04
1.093601968022994697e-04
1.089475481421686709e-04
1.085712938220240176e-04
1.085424373741261661e-04
1.082563903764821589e-04
1.092462043743580580e-04
1.085641051759012043e-04
1.088436620193533599e-04
1.085486946976743639e-04
1.082755115930922329e-04
1.079725552699528635e-04
1.084209870896302164e-04
1.086109914467670023e-04
1.080305446521379054e-04
1.080406145774759352e-04
1.084464020095765591e-04
1.086667762137949467e-04
1.090716104954481125e-04
1.080745205399580300e-04
1.083788010873831809e-04
1.078347922884859145e-04
1.077327542589046061e-04
1.074943575076758862e-04
1.074914252967573702e-04
1.076936387107707560e-04
1.080106667359359562e-04
1.077879205695353448e-04
1.077996785170398653e-04
1.070560538209974766e-04
1.075830368790775537e-04
1.075810505426488817e-04
1.076731423381716013e-04
1.071039587259292603e-04
1.072091763489879668e-04
1.070597136276774108e-04
1.065428368747234344e-04
1.070998041541315615e-04
1.061903894878923893e-04
1.062549126800149679e-04
1.065415490302257240e-04
1.071001242962665856e-04
1.060949798556976020e-04
1.063452291418798268e-04
1.064592870534397662e-04
1.068213023245334625e-04
1.063059607986360788e-04
1.062386654666624963e-04
1.062893425114452839e-04
1.060898721334524453e-04
1.060417052940465510e-04
1.060515860444866121e-04
1.063340241671539843e-04
1.062572700902819633e-04
1.061774455592967570e-04
1.062536975950933993e-04
1.058562265825457871e-04
1.056340770446695387e-04
1.058547131833620369e-04
1.061728617059998214e-04
1.054465756169520319e-04
1.056845867424272001e-04
1.055857283063232899e-04
1.054054009728133678e-04
1.057548506651073694e-04
1.053928062901832163e-04
1.054427484632469714e-04
1.052891602739691734e-04
1.057103872881270945e-04
1.055378597811795771e-04
1.052319057635031641e-04
1.052072257152758539e-04
1.052427905960939825e-04
1.057979025063104928e-04
1.050337814376689494e-04
1.051761282724328339e-04
1.052358347806148231e-04
1.054180393111892045e-04
1.050213104463182390e-04
1.046576726366765797e-04
1.048964331857860088e-04
1.048615959007292986e-04
1.052060906658880413e-04
1.051973449648357928e-04
1.054133172146975994e-04
1.050138016580604017e-04
1.048937338055111468e-04
1.045240132953040302e-04
1.046241595759056509e-04
1.050104619935154915e-04
1.048257763613946736e-04
1.048293997882865369e-04
1.047726764227263629e-04
1.049095226335339248e-04
1.049235652317292988e-04
1.045547323883511126e-04
1.044017189997248352e-04
1.046768156811594963e-04
1.046109537128359079e-04
1.046781908371485770e-04
1.041918294504284859e-04
1.040532370097935200e-04
1.046788893290795386e-04
1.047439873218536377e-04
1.042723015416413546e-04
1.052384322974830866e-04
1.043870797730050981e-04
1.046127290464937687e-04
1.044571399688720703e-04
1.043986922013573349e-04
1.044637538143433630e-04
1.043173178914003074e-04
1.044587916112504900e-04
1.049684651661664248e-04
1.046529578161425889e-04
1.045315802912227809e-04
1.047616242431104183e-04
1.042451840476132929e-04
1.043904121615923941e-04
1.042197618517093360e-04
1.041941504809074104e-04
1.042457806761376560e-04
1.045719473040662706e-04
1.049014608724974096e-04
1.045744502334855497e-04
1.040362622006796300e-04
1.043340234900824726e-04
1.042961594066582620e-04
1.043562151608057320e-04
1.044377277139574289e-04
1.043507727445103228e-04
1.043930169544182718e-04
1.045943354256451130e-04
1.040508504956960678e-04
1.043095908244140446e-04
1.039833878166973591e-04
1.043417796608991921e-04
1.039656344801187515e-04
1.040363349602557719e-04
1.039766357280313969e-04
1.037752736010588706e-04
1.038228147081099451e-04
1.041098948917351663e-04
1.041958166752010584e-04
1.038185728248208761e-04
1.035482855513691902e-04
1.042312360368669033e-04
1.042816656990908086e-04
1.038395785144530237e-04
1.040382194332778454e-04
1.039763519656844437e-04
1.037632464431226254e-04
1.040233182720839977e-04
1.038206974044442177e-04
1.039367271005176008e-04
1.037733163684606552e-04
1.039938651956617832e-04
1.039049457176588476e-04
1.034428496495820582e-04
1.041103460011072457e-04
1.043722368194721639e-04
1.038888003677129745e-04
1.039216949720866978e-04
1.041736904880963266e-04
1.037583933793939650e-04
1.038267728290520608e-04
1.039431444951333106e-04
1.039242488332092762e-04
1.034241795423440635e-04
1.039990675053559244e-04
1.042480580508708954e-04
1.036896719597280025e-04
1.044184391503222287e-04
1.038542468450032175e-04
1.038297123159281909e-04
1.037685433402657509e-04
1.039362978190183640e-04
1.041643045027740300e-04
1.038763803080655634e-04
1.039712224155664444e-04
1.036845860653556883e-04
1.040245624608360231e-04
1.038483169395476580e-04
1.041160794557072222e-04
1.082072194549255073e-04
1.048538324539549649e-04
1.038321643136441708e-04
1.036878093145787716e-04
1.035050736390985548e-04
1.037674956023693085e-04
1.040139832184650004e-04
1.042085132212378085e-04
1.037136753438971937e-04
1.034301458275876939e-04
1.041416762745939195e-04
1.037650290527381003e-04
1.036488320096395910e-04
1.034490705933421850e-04
1.036933608702383935e-04
1.035468303598463535e-04
1.036375178955495358e-04
1.032848958857357502e-04
1.036542525980621576e-04
1.035584937199018896e-04
1.038666159729473293e-04
1.042755902744829655e-04
1.040581919369287789e-04
1.037999245454557240e-04
1.037861220538616180e-04
1.038484406308270991e-04
1.034629895002581179e-04
1.033849766827188432e-04
1.033172884490340948e-04
1.040311981341801584e-04
1.043261727318167686e-04
1.047687546815723181e-04
1.042320218402892351e-04
1.041727591655217111e-04
1.033642256516031921e-04
1.037445254041813314e-04
1.038008267641998827e-04
1.035157183650881052e-04
1.040354545693844557e-04
1.037820111378096044e-04
1.036656103678978980e-04
1.039267517626285553e-04
1.038678528857417405e-04
1.039655981003306806e-04
1.038044210872612894e-04
1.038123227772302926e-04
1.041777650243602693e-04
1.044792952598072588e-04
1.036707762978039682e-04
1.035962704918347299e-04
1.038636546581983566e-04
1.039442358887754381e-04
1.043930897139944136e-04
1.042637668433599174e-04
1.040777424350380898e-04
1.037260735756717622e-04
1.034973320201970637e-04
1.041502182488329709e-04
1.038463378790766001e-04
1.038564296322874725e-04
1.038648188114166260e-04
1.035684617818333209e-04
1.036093235597945750e-04
1.039918060996569693e-04
1.036894755088724196e-04
1.037391484715044498e-04
1.039499402395449579e-04
1.039198614307679236e-04
1.040730348904617131e-04
1.042361618601717055e-04
1.035326204146258533e-04
1.039072230923920870e-04
1.042982548824511468e-04
1.035976092680357397e-04
1.039168782881461084e-04
1.046774632413871586e-04
1.034830129356123507e-04
1.035058230627328157e-04
1.038684640661813319e-04
1.038599657476879656e-04
1.036400426528416574e-04
1.037285910570062697e-04
1.040440183714963496e-04
1.042330986820161343e-04
1.037424153764732182e-04
1.032742075040005147e-04
1.037198817357420921e-04
1.041106224874965847e-04
1.041819923557341099e-04
1.039246926666237414e-04
1.033979133353568614e-04
1.038910631905309856e-04
1.042505246005021036e-04
1.034709348459728062e-04
1.034570086630992591e-04
1.035065433825366199e-04
1.039026901707984507e-04
1.037172914948314428e-04
1.035216482705436647e-04
1.032975851558148861e-04
1.033636290230788291e-04
1.036413232213817537e-04
1.078218265320174396e-04
1.040277202264405787e-04
1.033186490531079471e-04
1.033602457027882338e-04
1.034435481415130198e-04
1.036499379551969469e-04
1.034272354445420206e-04
1.037617694237269461e-04
1.033130611176602542e-04
1.035195309668779373e-04
1.038636182784102857e-04
1.041678115143440664e-04
1.031797146424651146e-04
1.044173841364681721e-04
1.035667010000906885e-04
1.035429668263532221e-04
1.037793481373228133e-04
1.036465182551182806e-04
1.039230774040333927e-04
1.036457833833992481e-04
1.035367604345083237e-04
1.035443056025542319e-04
1.039243288687430322e-04
1.038009067997336388e-04
1.037887050188146532e-04
1.038456757669337094e-04
1.036220637615770102e-04
1.034090309985913336e-04
1.042103904183022678e-04
1.036198736983351409e-04
1.037915353663265705e-04
1.046338220476172864e-04
1.038487534970045090e-04
1.036948888213373721e-04
1.042350559146143496e-04
1.039799317368306220e-04
1.033576918416656554e-04
1.040846327668987215e-04
1.040483257384039462e-04
1.037225374602712691e-04
1.041210271068848670e-04
1.038312111631967127e-04
1.034922097460366786e-04
1.034231099765747786e-04
1.041231735143810511e-04
1.043020383804105222e-04
1.043406300595961511e-04
1.036095782183110714e-04
1.039764392771758139e-04
1.032611253322102129e-04
