2.331851236522197723e-02
9.451811201870441437e-04
5.493919015862047672e-04
3.982768103014677763e-04
3.163377696182578802e-04
2.693712594918906689e-04
2.395518094999715686e-04
2.184253680752590299e-04
2.030225441558286548e-04
1.917251356644555926e-04
1.817745651351287961e-04
1.758643629727885127e-04
1.694549573585391045e-04
1.656261010793969035e-04
1.619213289814069867e-04
1.578716037329286337e-04
1.556716160848736763e-04
1.527297572465613484e-04
1.499500940553843975e-04
1.476754987379536033e-04
1.456083991797640920e-04
1.442584034521132708e-04
1.429535477655008435e-04
1.414986181771382689e-04
1.403667702106758952e-04
1.391311088809743524e-04
1.384601491736248136e-04
1.369059609714895487e-04
1.358404406346380711e-04
1.352335530100390315e-04
1.348643127130344510e-04
1.334885164396837354e-04
1.335347042186185718e-04
1.324783079326152802e-04
1.316642592428252101e-04
1.313558168476447463e-04
1.308632054133340716e-04
1.303353201365098357e-04
1.293121458729729056e-04
1.300201838603243232e-04
1.285603939322754741e-04
1.280139986192807555e-04
1.280365249840542674e-04
1.270431675948202610e-04
1.268342020921409130e-04
1.262914156541228294e-04
1.258034171769395471e-04
1.260496937902644277e-04
1.250706991413608193e-04
1.246652536792680621e-04
1.244229060830548406e-04
1.246322208316996694e-04
1.243313017766922712e-04
1.236739190062507987e-04
1.236809330293908715e-04
1.230152993230149150e-04
1.227799948537722230e-04
1.231034548254683614e-04
1.226231543114408851e-04
1.224437728524208069e-04
