1.507257856428623199e-02
3.531316760927438736e-04
2.342249208595603704e-04
1.890334533527493477e-04
1.649226906010881066e-04
1.482213119743391871e-04
1.397341111442074180e-04
1.351149694528430700e-04
1.333547552349045873e-04
1.288134517380967736e-04
1.286624465137720108e-04
1.267071493202820420e-04
1.251683133887127042e-04
1.235096424352377653e-04
1.222423743456602097e-04
1.214582807733677328e-04
1.199471298605203629e-04
1.211549606523476541e-04
1.187212183140218258e-04
1.191819537780247629e-04
1.177325248136185110e-04
1.180342587758786976e-04
1.171121402876451612e-04
1.172874544863589108e-04
1.163735942100174725e-04
1.169419410871341825e-04
1.172066840808838606e-04
1.162480257335118949e-04
1.155960126197896898e-04
1.153767152572982013e-04
1.158047307399101555e-04
1.184643697342835367e-04
1.152503609773702919e-04
1.151412725448608398e-04
1.150132011389359832e-04
1.149352829088456929e-04
1.149080489994958043e-04
1.149992604041472077e-04
1.202094863401725888e-04
1.159700477728620172e-04
1.147097573266364634e-04
1.151455653598532081e-04
1.153634948423132300e-04
1.151766628026962280e-04
1.143544941442087293e-04
1.142765177064575255e-04
1.151526303146965802e-04
1.152803088189102709e-04
1.147785951616242528e-04
1.142834589700214565e-04
1.142410983447916806e-04
1.143575282185338438e-04
1.142760447692126036e-04
1.143719564424827695e-04
1.174718272523023188e-04
1.184327265946194530e-04
1.150709504145197570e-04
1.146064023487269878e-04
1.143712652265094221e-04
1.206580636790022254e-04
1.148548035416752100e-04
1.143191038863733411e-04
1.145685018855147064e-04
1.143034605775028467e-04
1.140189342550002038e-04
1.142348410212434828e-04
1.141481407103128731e-04
1.141812972491607070e-04
1.142324836109764874e-04
1.140387830673716962e-04
1.147483271779492497e-04
1.149123054347001016e-04
1.152936165453866124e-04
1.151130127254873514e-04
1.145205678767524660e-04
1.142225810326635838e-04
1.142927430919371545e-04
1.138575462391600013e-04
1.147820730693638325e-04
1.146456124843098223e-04
1.145994101534597576e-04
1.146385111496783793e-04
1.141230386565439403e-04
1.141561006079427898e-04
1.144301495514810085e-04
1.143459521699696779e-04
1.142785040428861976e-04
1.144880297943018377e-04
1.142200781032443047e-04
1.156679427367635071e-04
1.147526199929416180e-04
1.148760784417390823e-04
1.240519777638837695e-04
1.177704180008731782e-04
1.135542770498432219e-04
1.141816974268294871e-04
1.143203844549134374e-04
1.154939600382931530e-04
1.139624073402956128e-04
1.155424470198340714e-04
1.137466679210774601e-04
1.149560557678341866e-04
1.142661931226029992e-04
1.143939443863928318e-04
1.144548587035387754e-04
1.140745880547910929e-04
1.143716581282205880e-04
1.220691920025274158e-04
1.174461795017123222e-04
1.157549777417443693e-04
1.137005601776763797e-04
1.155010322690941393e-04
1.149953241110779345e-04
1.205822554766200483e-04
1.146821887232363224e-04
1.135689817601814866e-04
1.162074840976856649e-04
1.162693515652790666e-04
1.164747227448970079e-04
1.136884093284606934e-04
